3020000000039
3020000000414
3020000000638
3020000000639
3020000000726
3020000000778
3020000000780
3020000000843
3020000000847
3020000000962
3020000001115
3020000001139
3020000001189
3020000001359
3020000001542
3020000001557
3020000001717
3020000001944
3020000002022
3020000002023
3020000002024
3020000002025
3020000002081
3020000002082
3020000002083
3020000002231
3020000002327
3020000002328
3020000002380
3020000002476
3020000002742
3020000002771
3020000002988
3020000003007
3020000003008
3020000003036
3020000003502
3020000003525
3020000003577
3020000003961
3020000004095
3020000004208
3020000004249
3020000004296
3020000004297
3020000004298
3020000004361
3020000004362
3020000004487
3020000005118
3020000005311
3020000005379
3020000005512
3020000005652
3020000005653
3020000005898
3020000005939
3020000005940
3020000006090
3020000006096
3020000006173
3020000006435
3020000006436
3020000006438
3020000006440
3020000006442
3020000006446
3020000006510
3020000006512
3020000006610
3020000006642
3020000006727
3020000006745
3020000007013
3020000007014
3020000007016
3020000007018
3020000007043
3020000007443
3020000007444
3020000007445
3020000007536
3020000007581
3020000007584
3020000007772
3020000007891
3020000008383
3020000008854
3020000008855
3020000009318
3020000009396
3020000009397
3020000009398
3020000009483
3020000009535
3020000009575
3020000009604
3020000009605
3020000010115
3020000010608
3020000010705
3020000010911
3020000010912
3020000010913
3020000010927
3020000010994
3020000010996
3020000010998
3020000011000
3020000011001
3020000011007
3020000011029
3020000011144
3020000011312
3020000011558
3020000011702
3020000011905
3020000011906
3020000011907
3020000011989
3020000012072
3020000012111
3020000012594
3020000012601
3020000012830
3020000012831
3020000012833
3020000012834
3020000012835
3020000012836
3020000012912
3020000013583
3020000013605
3020000013606
3020000013720
3020000013860
3020000013861
3020000013862
3020000013863
3020000013864
3020000013865
3020000013900
3020000013911
3020000014023
3020000014030
3020000014156
3020000014195
3020000014579
3020000014580
3020000014636
3020000014720
3020000014721
3020000014871
3020000014928
3020000015190
3020000015200
3020000015226
3020000015227
3020000015228
3020000015229
3020000015281
3020000015282
3020000015283
3020000015284
3020000015285
3020000015289
3020000015292
3020000015339
3020000015340
3020000015341
3020000015364
3020000015388
3020000015433
3020000015434
3020000015436
3020000015443
3020000015457
3020000015501
3020000015504
3020000015506
3020000015612
3020000015613
3020000015673
3020000015830
3020000015978
3020000016022
3020000016040
3020000016041
3020000016129
3020000016422
3020000016423
3020000016430
3020000016952
3020000016998
3020000016999
3020000017000
3020000017001
3020000017002
3020000017003
3020000017301
3020000017302
3020000017303
3020000017373
3020000017424
3020000017455
3020000017457
3020000017497
3020000017498
3020000017499
3020000017500
3020000017501
3020000017678
3020000017679
3020000017722
3020000017832
3020000017906
3020000017908
3020000018090
3020000018091
3020000018092
3020000018221
3020000018222
3020000018258
3020000018268
3020000018269
3020000018351
3020000018498
3020000018612
3020000018764
3020000018765
3020000018766
3020000018767
3020000018786
3020000018871
3020000018872
3020000018873
3020000019084
3020000019098
3020000019323
3020000019480
3020000019481
3020000019482
3020000019758
3020000019759
3020000019784
3020000020333
3020000020569
3020000020571
3020000020672
3020000020788
3020000020789
3020000020844
3020000021061
3020000021170
3020000021180
3020000021275
3020000021422
3020000021438
3020000021602
3020000021678
3020000021814
3020000021829
3020000021877
3020000021952
3020000021953
3020000022024
3020000022036
3020000022105
3020000022160
3020000022161
3020000022200
3020000022336
3020000022365
3020000022438
3020000022439
3020000022730
3020000022802
3020000022803
3020000022812
3020000022833
3020000023185
3020000023190
3020000023253
3020000023254
3020000023255
3020000023257
3020000023317
3020000023372
3020000023373
3020000023374
3020000023526
3020000023571
3020000023861
3020000023870
3020000023871
3020000023960
3020000024008
3020000024236
3020000024237
3020000024348
3020000024360
3020000024361
3020000024443
3020000024463
3020000024464
3020000024465
3020000024484
3020000024534
3020000024535
3020000024538
3020000024555
3020000024556
3020000024557
3020000024614
3020000024700
3020000024712
3020000024907
3020000024951
3020000024956
3020000024957
3020000025081
3020000025082
3020000025138
3020000025158
3020000025182
3020000025308
3020000025393
3020000025395
3020000025496
3020000025530
3020000025561
3020000025776
3020000025777
3020000025817
3020000025935
3020000025996
3020000026403
3020000026521
3020000026567
3020000026714
3020000026844
3020000027112
3020000027377
3020000027388
3020000027513
3020000027734
3020000027874
3020000027881
3020000028254
3020000028255
3020000028256
3020000028257
3020000028258
3020000028259
3020000028260
3020000028261
3020000028282
3020000028283
3020000028348
3020000028555
3020000028626
3020000028631
3020000028666
3020000028667
3020000028831
3020000029019
3020000029020
3020000029032
3020000029148
3020000029153
3020000029206
3020000029211
3020000029220
3020000029312
3020000029327
3020000029518
3020000029519
3020000029520
3020000029552
3020000029615
3020000029616
3020000029756
3020000029794
3020000029850
3020000029872
3020000029877
3020000029878
3020000029879
3020000029918
3020000029919
3020000029979
3020000030008
3020000030132
3020000030342
3020000030343
3020000030347
3020000030582
3020000030583
3020000030584
3020000030604
3020000030698
3020000030701
3020000030702
3020000030710
3020000030806
3020000030842
3020000030843
3020000030881
3020000031065
3020000031066
3020000031087
3020000031088
3020000031089
3020000031162
3020000031163
3020000031164
3020000031165
3020000031166
3020000031167
3020000031168
3020000031169
3020000031247
3020000031443
3020000031444
3020000031468
3020000031527
3020000031692
3020000031694
3020000031695
3020000031696
3020000031698
3020000031742
3020000031824
3020000031825
3020000031842
3020000032063
3020000032162
3020000032279
3020000032390
3020000032447
3020000032577
3020000032578
3020000032580
3020000032581
3020000032582
3020000032583
3020000032584
3020000032940
3020000033000
3020000033178
3020000033180
3020000033181
3020000033313
3020000033314
3020000033316
3020000033317
3020000033368
3020000033444
3020000033574
3020000033580
3020000033581
3020000033636
3020000034017
